1 0.4833984375 0.4384765625 0.0625 0.09765625
0 0.2158203125 0.40234375 0.0478515625 0.0791015625
1 0.7041015625 0.3984375 0.0576171875 0.0859375
0 0.6015625 0.3759765625 0.04296875 0.0634765625
1 0.1376953125 0.44921875 0.044921875 0.08203125
1 0.3798828125 0.4326171875 0.044921875 0.0859375
1 0.2939453125 0.365234375 0.04296875 0.0712890625
1 0.37109375 0.3447265625 0.0322265625 0.052734375
0 0.548828125 0.3955078125 0.037109375 0.0712890625
1 0.474609375 0.3505859375 0.03515625 0.056640625
1 0.8076171875 0.3330078125 0.03515625 0.052734375